mer
Z:\Mes documents\01 Info vert\Map\build\classes\map\tileset.png
25 25 32 32
616 616 616 296 296 296 296 616 616 616 616 616 616 616 616 616 296 296 296 296 296 296 296 296 296 
616 616 616 296 296 296 296 616 616 616 616 616 616 616 616 616 296 296 296 296 296 296 296 296 296 
616 616 616 296 296 589 616 616 616 616 616 616 616 616 616 616 616 296 296 296 296 296 296 296 296 
616 616 616 616 616 616 616 616 616 616 616 616 616 616 616 616 616 616 296 296 296 296 296 296 296 
616 616 616 616 616 616 616 616 616 616 616 616 616 616 616 616 616 616 616 616 616 296 296 296 296 
616 616 616 616 616 616 616 616 616 616 616 616 616 616 616 616 616 616 616 616 616 616 296 296 296 
616 616 616 616 616 616 616 616 616 616 616 616 616 616 616 616 616 616 616 616 616 616 616 296 296 
616 616 616 616 616 616 616 616 616 616 616 616 616 616 616 616 616 616 616 616 616 616 616 616 296 
616 616 616 616 616 616 644 645 616 616 616 616 616 616 616 616 616 616 616 616 616 616 616 616 616 
616 616 616 616 616 616 672 673 616 616 616 616 616 616 616 616 616 616 616 616 616 616 616 616 616 
616 616 616 616 616 616 616 616 616 616 616 616 616 616 616 616 616 616 616 616 616 616 616 616 616 
616 616 616 616 616 616 616 616 616 616 616 616 616 616 616 616 616 616 616 616 616 296 296 296 616 
616 616 616 616 616 616 616 616 616 616 616 616 616 616 616 616 616 616 616 616 616 616 296 296 616 
616 616 616 616 616 644 588 645 616 616 616 616 616 616 616 616 616 616 616 616 616 616 616 296 616 
616 616 616 616 296 296 296 296 616 616 616 616 616 616 616 616 616 616 616 616 616 616 616 616 616 
616 616 616 296 269 270 271 296 296 616 616 616 616 616 616 616 616 616 616 616 616 616 616 616 616 
616 616 616 616 297 298 299 296 296 616 616 616 616 616 616 616 616 616 616 616 616 616 616 616 296 
616 616 616 616 296 296 296 296 296 616 616 616 616 616 616 616 616 616 616 616 616 616 616 616 296 
616 616 616 616 616 296 296 296 616 616 616 616 616 616 616 616 616 616 616 616 616 616 616 616 296 
616 616 616 616 616 616 296 616 616 616 616 616 616 616 616 616 616 616 616 616 616 616 616 296 296 
616 616 616 616 616 616 616 616 616 616 616 616 616 616 616 616 616 616 616 616 616 616 616 296 296 
616 616 616 616 616 616 616 616 616 616 616 616 616 616 616 616 616 616 616 616 616 296 296 296 296 
616 616 616 616 616 616 616 616 616 616 616 616 616 616 616 616 616 296 296 296 296 296 296 296 296 
616 616 616 616 616 616 616 616 616 616 616 616 296 296 296 296 296 296 296 296 296 296 296 296 296 
616 616 616 616 616 616 616 616 616 296 296 296 296 296 296 296 296 296 296 296 296 296 296 296 296 
